[header]
width=40
height=33
tilewidth=64
tileheight=64
orientation=orthogonal
background_color=0,0,0,255

[tilesets]
tileset=../Spritesheets/tilesheet_complete.png,64,64,0,0

[layer]
type=Tile Layer 1
data=
0,0,0,0,0,0,0,0,0,0,0,0,0,134,135,135,135,135,136,0,0,0,0,0,0,0,0,0,0,0,0,0,0,0,0,0,0,0,0,0,
0,0,0,0,0,0,0,0,0,0,0,0,0,0,0,0,0,0,0,0,0,0,0,0,0,0,0,0,0,0,0,0,0,0,0,0,0,0,0,0,
0,0,0,0,0,0,0,0,0,0,0,0,0,0,0,0,0,0,0,0,0,0,0,0,0,0,0,0,0,0,0,0,0,0,0,0,0,0,0,0,
0,0,0,0,0,0,0,0,0,0,0,0,0,0,0,0,0,0,0,0,0,0,0,0,0,0,0,0,0,0,0,0,0,0,0,0,0,0,0,0,
0,0,0,0,0,0,0,0,0,0,0,0,0,0,0,0,0,0,0,0,0,0,0,0,0,0,0,0,0,0,0,0,122,262,0,0,0,0,0,0,
0,0,0,0,0,0,0,0,0,0,0,0,0,0,0,0,0,0,0,134,135,135,135,135,135,135,135,135,135,135,135,135,135,136,0,0,0,0,0,0,
0,0,0,0,0,0,0,0,0,0,0,0,0,0,0,0,0,0,0,0,0,0,0,0,0,0,0,0,0,0,0,0,133,133,0,0,0,0,0,0,
0,0,0,0,0,0,0,0,0,0,0,0,0,0,0,0,0,0,0,0,0,0,0,0,0,0,0,0,0,0,0,0,0,0,0,0,0,0,0,0,
0,0,0,0,0,0,0,0,0,0,0,0,0,129,0,0,0,0,129,0,0,0,0,0,0,0,0,0,0,0,0,0,0,0,0,0,0,0,0,0,
0,0,0,0,0,0,0,0,0,0,0,0,0,0,0,0,0,0,0,0,0,0,0,0,0,0,0,0,0,0,0,0,0,0,0,0,0,0,0,0,
120,0,0,0,0,0,0,0,0,0,0,0,0,0,0,0,0,0,0,0,0,0,0,0,0,98,0,0,0,100,0,0,0,0,0,0,0,0,0,0,
135,135,136,0,0,0,134,136,0,0,0,102,0,0,99,120,99,0,0,0,237,0,0,0,0,134,135,135,135,135,135,136,0,0,0,0,0,0,0,0,
133,133,133,0,0,0,133,133,0,0,134,135,135,135,135,135,135,135,135,135,135,136,0,0,0,133,133,133,133,133,133,133,0,0,0,0,0,0,0,0,
133,133,133,0,0,0,133,133,0,0,133,133,133,133,133,133,133,133,133,133,133,133,0,0,0,133,0,0,0,0,133,133,0,0,0,0,0,0,0,0,
133,133,133,0,0,0,133,133,0,0,133,0,0,0,0,0,0,0,0,0,0,133,0,0,0,133,0,0,0,0,133,133,0,0,0,0,0,0,0,0,
133,133,133,0,0,0,133,133,0,0,133,0,0,0,0,0,0,0,0,0,0,133,0,0,0,133,0,0,0,102,133,133,0,0,0,0,0,0,0,0,
133,133,133,0,0,0,133,133,0,0,133,0,0,0,0,0,0,0,100,0,0,133,0,0,0,133,0,0,0,134,133,133,0,0,0,0,0,0,0,0,
133,133,133,0,0,0,133,133,0,0,133,0,0,134,136,0,0,134,136,0,0,0,0,0,0,133,0,0,0,133,133,133,0,0,0,0,0,0,0,0,
133,133,133,0,0,0,133,133,0,0,133,0,0,133,0,0,0,0,133,0,0,0,0,0,0,133,0,0,0,133,133,133,0,0,0,0,0,0,0,0,
133,133,133,0,0,0,133,133,0,0,133,0,102,133,0,0,0,259,133,0,0,0,0,0,0,133,0,0,0,133,133,133,0,0,0,0,0,0,0,0,
133,133,133,0,0,0,133,133,0,0,133,0,0,133,133,133,133,133,133,0,0,133,0,0,0,133,0,0,0,133,133,133,0,0,0,0,0,0,0,0,
133,133,133,0,0,0,133,133,0,0,133,0,0,0,0,0,0,0,0,0,0,133,0,0,0,133,0,0,0,133,133,133,0,0,0,0,0,0,0,0,
133,133,133,0,0,0,133,133,0,0,133,98,0,0,0,0,0,0,0,0,0,133,0,0,0,133,0,0,0,133,133,133,0,0,0,0,0,0,0,0,
133,133,133,0,0,0,133,133,0,0,133,135,135,135,135,135,135,135,135,135,135,133,0,0,0,133,0,0,0,133,133,133,0,0,0,0,0,0,0,0,
133,133,133,0,0,0,133,133,0,0,0,0,0,0,0,0,0,0,0,0,0,0,0,0,0,133,0,0,0,133,133,133,0,0,0,0,0,0,0,0,
133,133,133,0,0,0,133,133,100,0,0,0,100,0,0,0,100,0,0,0,100,0,0,0,100,133,0,0,0,133,133,133,0,0,0,0,0,0,0,0,
133,133,133,0,0,0,133,133,135,135,135,135,135,135,135,135,135,135,135,135,135,135,135,135,135,133,0,0,0,133,133,133,0,0,134,135,135,135,135,136,
133,133,133,0,0,0,0,0,0,0,0,0,0,0,0,0,0,0,0,0,0,0,0,0,0,0,0,0,0,133,133,133,0,0,133,0,0,0,0,133,
133,133,133,0,0,0,0,0,0,0,0,0,0,0,0,0,0,0,0,0,0,0,0,0,0,0,0,0,0,133,133,133,0,0,0,0,0,0,0,133,
133,0,0,0,0,0,0,0,0,0,0,0,0,0,0,0,0,0,0,0,0,0,0,0,0,0,0,0,0,133,133,133,0,0,0,0,0,0,0,133,
133,99,237,99,0,0,0,0,0,0,0,0,0,0,0,122,0,0,0,0,0,0,0,0,0,0,121,120,259,133,133,133,0,0,0,99,120,99,128,133,
133,135,135,135,135,135,136,0,0,0,0,0,0,0,134,135,135,136,0,0,0,0,0,0,0,134,135,135,135,133,133,133,135,135,135,135,135,135,135,133,
133,133,133,133,133,133,133,135,135,135,135,135,135,135,133,133,133,133,135,135,135,135,135,135,135,133,133,133,133,133,133,133,133,133,133,133,133,133,133,133

[ObjectsLayer]
type=playerBlue
location=16,19,1,1

[ObjectsLayer]
type=enemyFloating
location=12,15,1,1

[ObjectsLayer]
type=enemyWalking
location=7,31,1,1

[ObjectsLayer]
type=enemyWalking
location=10,31,1,1

[ObjectsLayer]
type=enemyWalking
location=13,31,1,1

[ObjectsLayer]
type=enemyWalking
location=18,31,1,1

[ObjectsLayer]
type=enemyWalking
location=21,31,1,1

[ObjectsLayer]
type=enemyWalking
location=24,31,1,1

[ObjectsLayer]
type=blockBrown
location=13,1,1,1

[ObjectsLayer]
type=blockBrown
location=13,2,1,1

[ObjectsLayer]
type=blockBrown
location=13,3,1,1

[ObjectsLayer]
type=blockBrown
location=13,4,1,1

[ObjectsLayer]
type=blockBrown
location=13,5,1,1

[ObjectsLayer]
type=blockBrown
location=13,6,1,1

[ObjectsLayer]
type=blockBrown
location=13,7,1,1

[ObjectsLayer]
type=blockBrown
location=18,1,1,1

[ObjectsLayer]
type=blockBrown
location=18,2,1,1

[ObjectsLayer]
type=blockBrown
location=18,3,1,1

[ObjectsLayer]
type=blockBrown
location=18,4,1,1

[ObjectsLayer]
type=blockBrown
location=18,5,1,1

[ObjectsLayer]
type=blockBrown
location=18,6,1,1

[ObjectsLayer]
type=blockBrown
location=18,7,1,1

[ObjectsLayer]
type=enemyFloating
location=3,7,1,1

[ObjectsLayer]
type=enemyFlying
location=31,7,1,1

[ObjectsLayer]
type=enemyFlying
location=26,10,1,1

[ObjectsLayer]
type=enemyFlying
location=31,10,1,1

[ObjectsLayer]
type=enemyFlying
location=31,8,1,1

[ObjectsLayer]
type=enemyFlying
location=31,9,1,1

[ObjectsLayer]
type=enemyFlying
location=31,6,1,1

[ObjectsLayer]
type=enemyFlying
location=26,6,1,1

[ObjectsLayer]
type=enemyFlying
location=27,6,1,1

[ObjectsLayer]
type=enemyFlying
location=28,6,1,1

[ObjectsLayer]
type=enemyFlying
location=29,6,1,1

[ObjectsLayer]
type=enemyFlying
location=30,6,1,1

[ObjectsLayer]
type=enemyFlying
location=27,10,1,1

[ObjectsLayer]
type=enemyFlying
location=28,10,1,1

[ObjectsLayer]
type=enemyFlying
location=29,10,1,1

[ObjectsLayer]
type=enemyFlying
location=30,10,1,1

