[header]
width=44
height=34
tilewidth=64
tileheight=64
orientation=orthogonal
background_color=0,0,0,255

[tilesets]
tileset=../Spritesheets/tilesheet_complete.png,64,64,0,0

[layer]
type=Tile Layer 1
data=
67,67,0,0,0,0,0,0,0,0,0,0,0,0,0,0,0,0,0,0,0,0,0,0,0,0,0,0,0,0,0,0,0,0,0,0,193,0,0,0,0,0,0,67,
67,67,0,0,0,0,0,0,0,0,0,0,0,0,0,0,0,0,0,0,0,0,0,0,0,0,0,0,0,0,0,0,0,0,0,0,193,0,0,0,0,0,0,67,
67,67,0,0,0,0,0,0,0,0,0,0,0,0,0,0,0,0,0,0,0,0,0,0,0,0,0,0,0,0,0,0,0,0,0,0,193,0,0,0,0,0,0,67,
67,67,0,0,0,0,0,0,0,0,0,0,0,0,0,0,0,0,0,0,0,0,0,0,0,0,0,0,0,0,0,0,0,0,0,0,193,0,0,0,0,0,0,67,
67,67,0,0,0,0,0,0,0,0,0,0,0,0,0,0,0,0,0,0,0,0,0,0,0,0,0,0,0,0,0,0,0,0,0,0,193,0,0,0,0,0,0,67,
67,67,0,0,0,0,0,0,0,0,0,0,0,0,0,0,0,0,0,0,0,0,0,0,0,0,0,0,0,0,0,0,0,0,0,0,193,0,0,0,0,0,0,67,
67,67,0,0,0,0,0,0,0,0,0,0,0,0,0,0,0,0,0,0,0,0,0,0,0,0,0,0,0,0,0,0,0,0,0,0,193,0,0,0,0,0,0,67,
67,67,0,0,0,0,0,0,0,0,0,0,0,0,0,0,0,0,0,0,0,0,0,0,0,0,0,0,0,0,0,0,0,0,0,0,193,0,0,0,0,0,0,67,
67,67,0,0,0,0,0,0,0,0,0,0,0,0,0,0,0,0,0,0,0,0,0,0,0,0,0,0,0,0,0,0,0,0,0,0,193,67,67,67,67,67,67,67,
67,67,260,0,0,0,0,0,0,0,0,0,0,0,0,67,67,67,67,67,67,67,67,67,67,67,0,0,0,0,0,0,0,0,0,0,193,0,0,0,0,0,0,67,
67,95,73,73,74,0,0,0,0,0,0,0,0,0,0,67,0,0,0,0,0,0,0,0,0,0,0,0,0,0,0,67,67,67,67,67,193,0,0,0,0,0,0,67,
67,67,0,0,0,0,0,67,67,67,67,67,67,67,67,67,0,0,0,0,0,0,0,0,0,0,0,0,0,0,0,0,0,0,0,0,193,0,0,0,0,0,0,67,
67,67,0,0,0,0,0,67,0,0,0,0,0,0,0,0,0,0,0,0,0,0,0,0,0,67,67,67,67,67,0,0,0,0,0,0,193,0,0,0,0,0,0,67,
67,67,0,0,0,0,0,67,0,0,0,0,0,0,0,0,0,0,0,0,0,0,0,0,0,0,0,0,0,0,0,0,0,0,0,0,193,0,0,0,237,0,151,67,
67,67,0,0,0,0,0,67,0,0,0,0,0,0,0,0,0,0,0,0,0,0,0,0,0,0,0,0,0,0,0,0,0,0,0,0,193,0,0,0,68,69,69,67,
67,67,0,0,72,73,73,67,0,0,0,0,0,0,0,0,0,0,0,0,0,0,0,0,0,0,0,0,0,0,0,0,0,0,0,0,193,0,0,0,67,67,67,67,
67,67,0,0,0,0,0,67,0,0,0,68,69,69,69,69,69,69,69,69,69,69,69,69,69,69,69,69,69,69,69,69,69,70,0,0,193,0,0,0,67,67,67,67,
67,67,0,0,0,0,0,67,0,0,0,67,67,67,67,67,67,67,67,67,67,67,67,67,67,67,67,67,67,67,67,67,67,67,0,0,151,0,0,0,67,67,67,67,
67,67,0,0,0,0,0,67,0,0,0,67,67,0,0,0,0,0,0,0,0,0,0,0,0,0,0,0,0,0,0,0,67,67,0,0,0,0,0,0,67,67,67,67,
67,67,0,0,0,0,0,67,0,0,0,67,67,0,0,0,0,0,0,0,0,0,0,0,0,0,0,0,0,0,0,0,67,67,0,0,0,0,0,0,67,67,67,67,
67,95,73,73,74,0,0,67,0,0,0,67,67,0,0,0,0,0,0,0,0,0,0,0,0,0,0,0,0,0,0,0,67,67,0,0,0,0,0,0,67,67,67,67,
67,67,0,0,0,0,0,67,0,0,0,67,67,0,0,0,0,0,0,0,0,0,0,0,0,0,0,0,0,0,0,0,67,67,0,0,0,0,0,0,67,67,67,67,
67,67,0,0,0,0,0,67,0,0,0,67,67,67,0,0,0,0,0,0,0,0,0,0,0,0,0,0,0,0,0,67,67,67,0,0,0,0,0,0,67,67,67,67,
67,67,0,0,0,0,0,67,0,0,0,0,0,0,0,0,0,0,0,0,0,0,0,0,0,0,0,0,0,0,0,0,0,0,0,0,0,0,0,0,67,67,67,67,
67,67,0,0,0,0,0,67,0,0,0,0,0,0,0,0,0,0,0,0,0,0,0,0,0,0,0,0,0,0,0,0,0,0,0,0,0,0,0,0,67,67,67,67,
67,67,0,0,72,73,73,94,0,0,0,0,0,0,0,0,0,0,0,0,0,0,0,0,0,0,0,0,0,0,0,0,0,0,0,0,0,0,0,0,67,67,67,67,
67,67,0,0,0,0,0,67,69,69,69,69,69,69,69,69,69,69,69,69,69,69,69,69,70,0,0,0,0,0,0,0,0,0,0,0,0,0,0,0,67,67,67,67,
67,67,0,0,0,0,0,0,0,0,0,0,0,0,0,0,0,0,0,0,0,0,0,0,0,0,0,0,0,0,0,0,0,0,0,0,0,0,0,0,67,67,67,67,
67,67,0,0,0,0,0,0,0,0,0,0,0,0,0,0,0,0,0,0,0,0,0,0,0,0,0,0,0,0,0,0,0,0,0,0,0,0,0,0,67,67,67,67,
67,67,0,0,0,0,0,0,0,0,0,0,0,0,0,0,0,0,0,0,0,0,0,0,0,0,0,0,0,0,0,0,0,0,0,0,0,75,0,0,67,67,67,67,
67,67,0,0,0,0,0,0,0,0,0,0,0,0,0,0,0,0,0,0,0,0,0,0,0,0,0,0,0,0,0,0,0,0,0,0,0,0,0,0,67,67,67,67,
67,67,0,0,0,0,0,0,0,0,0,0,0,0,0,0,0,0,0,0,0,0,0,0,0,0,0,0,0,0,0,0,0,0,0,0,0,0,0,0,67,67,67,67,
67,67,69,69,69,70,236,236,236,236,68,69,69,69,69,69,69,70,236,236,236,236,68,69,69,69,69,69,69,69,69,69,69,69,69,69,69,69,69,69,67,67,67,67,
67,67,67,67,67,67,67,67,67,67,67,67,67,67,67,67,67,67,67,67,67,67,67,67,67,67,67,67,67,67,67,67,67,67,67,67,67,67,67,67,67,67,67,67

[ObjectsLayer]
type=enemyWalking
location=38,7,1,1

[ObjectsLayer]
type=enemyFloating
location=14,20,1,1

[ObjectsLayer]
type=enemyFloating
location=18,20,1,1

[ObjectsLayer]
type=enemyFloating
location=22,20,1,1

[ObjectsLayer]
type=enemyFloating
location=26,20,1,1

[ObjectsLayer]
type=enemyFloating
location=30,20,1,1

[ObjectsLayer]
type=key
location=41,5,1,1

[ObjectsLayer]
type=playerBlue
location=3,9,1,1

[ObjectsLayer]
type=enemyWalking
location=42,7,1,1

[ObjectsLayer]
type=enemyWalking
location=40,7,1,1

[ObjectsLayer]
type=enemyWalking
location=41,7,1,1

[ObjectsLayer]
type=enemyWalking
location=39,7,1,1

[ObjectsLayer]
type=enemyWalking
location=37,7,1,1

